_viz_0 = nengo_gui.components.HTMLView(plot)
_viz_config[_viz_0].x = 0.6049561754146829
_viz_config[_viz_0].y = 0.6337342897645162
_viz_config[_viz_0].width = 0.06993006993006994
_viz_config[_viz_0].height = 0.09040898414436783
_viz_config[_viz_0].label_visible = False
_viz_2 = nengo_gui.components.Slider(stim)
_viz_config[_viz_2].max_value = 1
_viz_config[_viz_2].min_value = -1
_viz_config[_viz_2].x = 0.13319161970105378
_viz_config[_viz_2].y = 0.5084419703103908
_viz_config[_viz_2].width = 0.04995004995004995
_viz_config[_viz_2].height = 0.1349527665317139
_viz_config[_viz_2].label_visible = True
_viz_ace_editor = nengo_gui.components.AceEditor()
_viz_net_graph = nengo_gui.components.NetGraph()
_viz_sim_control = nengo_gui.components.SimControl()
_viz_config[_viz_sim_control].shown_time = 0.5
_viz_config[_viz_sim_control].kept_time = 4.0
_viz_config[model].pos=(0, 0)
_viz_config[model].size=(1.0, 1.0)
_viz_config[model].expanded=True
_viz_config[model].has_layout=True
_viz_config[plot].pos=(0.43497830567080376, 0.10996613019575488)
_viz_config[plot].size=(0.1, 0.1)
_viz_config[post].pos=(0.8584905660377359, 0.5)
_viz_config[post].size=(0.09433962264150943, 0.25)
_viz_config[pre].pos=(0.48113207547169806, 0.5)
_viz_config[pre].size=(0.09433962264150943, 0.25)
_viz_config[stim].pos=(0.12264150943396226, 0.5)
_viz_config[stim].size=(0.07547169811320754, 0.2)